[colors]
n0=Ayu Dark,1,6,4,5,2,3,3,3,3,3,3,0,5,7,6,0,3,2,3,5,0,1,0,1,0,15,6,1,1,0
n1=Ayu DarkBlack,1,6,4,5,2,3,3,3,3,3,3,0,5,7,6,0,3,2,3,5,0,1,0,1,0,15,6,1,1,0
n2=Ayu DarkBlackGrEvents,1,6,4,5,2,3,3,14,14,14,14,0,5,7,6,0,14,14,3,5,0,1,0,1,0,15,6,1,1,0
n3=Ayu Darker,1,6,4,5,2,3,3,3,3,3,3,0,5,7,6,0,3,2,3,5,0,1,0,1,0,15,6,1,1,0
n4=Ayu DarkerGrEvents,1,6,4,5,2,3,3,14,14,14,14,0,5,7,6,0,14,14,3,5,0,1,0,1,0,15,6,1,1,0
n5=Ayu DarkGrEvents,1,6,4,5,2,3,3,14,14,14,14,0,5,7,6,0,14,14,3,5,0,1,0,1,0,15,6,1,1,0
n6=Ayu Light,0,6,4,5,2,3,3,3,3,3,3,1,5,7,6,1,3,2,3,5,0,0,1,0,1,15,6,0,0,1
n7=Ayu LightGrEvents,0,6,4,5,2,3,3,14,14,14,14,1,5,7,6,1,14,14,3,5,0,0,1,0,1,15,6,0,0,1
n8=Ayu Mirage,1,6,4,5,2,3,3,3,3,3,3,0,5,7,6,0,3,2,3,5,0,1,0,1,0,15,6,1,1,0
n9=Ayu MirageBlack,1,6,4,5,2,3,3,3,3,3,3,0,5,7,6,0,3,2,3,5,0,1,0,1,0,15,6,1,1,0
n10=Ayu MirageBlackGrEvents,1,6,4,5,2,3,3,14,14,14,14,0,5,7,6,0,14,14,3,5,0,1,0,1,0,15,6,1,1,0
n11=Ayu MirageDark,1,6,4,5,2,3,3,3,3,3,3,0,5,7,6,0,3,2,3,5,0,1,0,1,0,15,6,1,1,0
n12=Ayu MirageDarker,1,6,4,5,2,3,3,3,3,3,3,0,5,7,6,0,3,2,3,5,0,1,0,1,0,15,6,1,1,0
n13=Ayu MirageDarkerGrEvents,1,6,4,5,2,3,3,14,14,14,14,0,5,7,6,0,14,14,3,5,0,1,0,1,0,15,6,1,1,0
n14=Ayu MirageDarkGrEvents,1,6,4,5,2,3,3,14,14,14,14,0,5,7,6,0,14,14,3,5,0,1,0,1,0,15,6,1,1,0
n15=Ayu MirageGrEvents,1,6,4,5,2,3,3,14,14,14,14,0,5,7,6,0,14,14,3,5,0,1,0,1,0,15,6,1,1,0
n16=BlackStuffBlue,1,6,4,7,2,2,4,2,2,2,2,15,4,7,2,15,2,2,2,4,2,1,15,1,15,14,15,1,1,15
n17=BlackStuffGray,1,6,4,7,15,15,4,15,15,15,15,15,4,7,15,15,15,15,15,4,15,1,15,1,15,14,15,1,1,15
n18=BlackStuffGreen,1,6,4,7,3,3,4,3,3,3,3,3,4,7,3,3,3,3,3,4,3,1,3,1,3,14,3,1,1,3
n19=Dracula,1,6,4,5,2,3,3,3,3,3,3,0,5,7,6,0,3,2,3,5,0,1,0,1,0,14,6,1,1,0
n20=DraculaGr,1,6,4,5,2,3,3,3,3,3,3,15,5,7,6,15,3,2,3,5,15,1,0,1,15,14,6,1,1,15
n21=DraculaGrEvents,1,6,4,5,2,3,3,14,14,14,14,0,5,7,6,0,14,14,3,5,0,1,0,1,0,14,6,1,1,0
n22=Dusk,1,15,14,15,14,14,14,9,14,12,14,0,15,15,0,15,6,4,14,14,14,1,15,1,4,14,6,1,1,15
n23=DuskBlack,1,15,14,15,14,14,14,9,14,12,14,0,15,15,0,15,6,4,14,14,14,1,15,1,4,14,6,1,1,15
n24=HexChat Artix,1,6,4,5,2,3,3,3,3,3,3,0,5,7,6,0,3,2,3,5,0,1,0,1,0,15,6,1,1,0
n25=HexChat ArtixBlack,1,6,4,5,2,3,3,3,3,3,3,0,5,7,6,0,3,2,3,5,0,1,0,1,0,15,6,1,1,0
n26=HexChat ArtixBlackGrEvents,1,6,4,5,2,3,3,15,15,15,15,0,5,7,6,0,15,15,3,5,0,1,0,1,0,15,6,1,1,0
n27=HexChat ArtixDark,1,6,4,5,2,3,3,3,3,3,3,0,5,7,6,0,3,2,3,5,0,1,0,1,0,15,6,1,1,0
n28=HexChat ArtixDarker,1,6,4,5,2,3,3,3,3,3,3,0,5,7,6,0,3,2,3,5,0,1,0,1,0,15,6,1,1,0
n29=HexChat ArtixDarkerGrEvents,1,6,4,5,2,3,3,15,15,15,15,0,5,7,6,0,15,15,3,5,0,1,0,1,0,15,6,1,1,0
n30=HexChat ArtixDarkGrEvents,1,6,4,5,2,3,3,15,15,15,15,0,5,7,6,0,15,15,3,5,0,1,0,1,0,15,6,1,1,0
n31=HexChat ArtixGrEvents,1,6,4,5,2,3,3,15,15,15,15,0,5,7,6,0,15,15,3,5,0,1,0,1,0,15,6,1,1,0
n32=HexChat ArtixLight,0,6,4,5,2,3,3,3,3,3,3,1,5,7,6,1,3,2,3,5,1,0,1,0,1,15,6,0,0,1
n33=HexChat ArtixLightGrEvents,0,6,4,5,2,3,3,15,15,15,15,1,5,7,6,1,15,15,3,5,1,0,1,0,1,15,6,0,0,1
n34=HexChat Black,1,6,4,7,11,3,3,3,3,3,3,0,7,8,6,0,14,14,3,7,0,1,15,1,0,14,6,1,1,0
n35=HexChat Black2,1,6,4,7,11,3,3,3,3,3,3,0,7,8,6,0,3,11,3,7,0,1,15,1,0,14,6,1,1,0
n36=HexChat Black2GrEvents,1,6,4,7,11,3,3,14,14,14,14,0,7,8,6,0,14,14,3,7,0,1,15,1,0,14,6,1,1,0
n37=HexChat BlackGrEvents,1,6,4,7,11,3,3,14,14,14,14,15,7,8,6,15,14,14,3,7,15,1,15,1,15,14,6,1,1,15
n38=HexChat Cool,1,6,4,5,2,3,3,3,3,3,3,0,5,7,6,0,3,2,3,5,0,1,0,1,0,15,6,1,1,0
n39=HexChat CoolGrEvents,1,6,4,5,2,3,3,7,7,7,7,0,5,7,6,0,7,7,3,5,0,1,0,1,0,15,6,1,1,0
n40=HexChat MatriY,0,6,4,5,2,3,3,3,3,3,3,1,5,7,6,1,3,2,3,5,1,0,1,0,1,3,6,0,0,1
n41=HexChat MatriYGrEvents,0,6,4,5,2,3,3,10,10,10,10,1,5,7,6,1,10,10,3,5,1,0,1,0,1,3,6,0,0,1
n42=HexChat Monokai,1,6,4,7,11,3,3,3,3,3,3,15,7,8,6,15,3,11,3,7,15,1,15,1,15,14,6,1,1,15
n43=HexChat MonokaiGrEvents,1,6,4,7,11,3,3,14,14,14,14,15,7,8,6,15,14,14,3,7,15,1,15,1,15,14,6,1,1,15
n44=HexChat Simply Glyphed Tango Dark,14,6,4,5,2,3,3,3,3,3,3,0,5,7,6,0,3,2,3,5,0,14,0,14,0,15,6,14,14,0
n45=HexChat Simply Glyphed Tango DarkGrEvents,14,6,4,5,2,3,3,6,6,6,6,0,5,7,6,0,6,6,3,5,0,14,0,14,0,15,6,14,14,0
n46=HexChat Solarized Dark,11,6,4,7,15,3,3,3,3,3,3,15,7,8,6,15,3,15,3,7,15,11,15,11,15,14,6,11,11,15
n47=HexChat Ubuntu Dark,14,6,4,7,11,5,5,5,5,5,5,15,7,8,6,15,5,11,5,7,15,14,15,14,15,5,6,14,14,15
n48=HexChat Ubuntu Darker,14,6,4,7,11,5,5,5,5,5,5,15,7,8,6,15,5,11,5,7,15,14,15,14,15,5,6,14,14,15
n49=HexChat Ubuntu DarkerGrEvents,14,6,4,7,11,5,5,3,3,3,3,15,7,8,6,15,3,3,5,7,15,14,15,14,15,5,6,14,14,15
n50=HexChat Ubuntu DarkGrEvents,14,6,4,7,11,5,5,1,1,1,1,15,7,8,6,15,1,1,5,7,15,14,15,14,15,5,6,14,14,15
n51=Intern,1,6,4,5,2,3,3,3,3,3,3,0,5,7,6,0,3,2,3,5,0,1,0,1,0,15,6,1,1,0
n52=InternBlack,1,6,4,5,2,3,3,3,3,3,3,0,5,7,6,0,3,2,3,5,0,1,0,1,0,15,6,1,1,0
n53=InternBlackGrEvents,1,6,4,5,2,3,3,14,14,14,14,0,5,7,6,0,14,14,3,5,0,1,0,1,0,15,6,1,1,0
n54=InternDarker,1,6,4,5,2,3,3,3,3,3,3,0,5,7,6,0,3,2,3,5,0,1,0,1,0,15,6,1,1,0
n55=InternDarkerGrEvents,1,6,4,5,2,3,3,14,14,14,14,0,5,7,6,0,14,14,3,5,0,1,0,1,0,15,6,1,1,0
n56=InternGrEvents,1,6,4,5,2,3,3,14,14,14,14,0,5,7,6,0,14,14,3,5,0,1,0,1,0,15,6,1,1,0
n57=Lincon,1,6,4,5,2,3,3,3,3,3,3,0,5,7,6,0,3,2,3,5,0,1,0,1,0,15,6,1,1,0
n58=Lincon2,1,6,4,5,12,3,3,3,3,3,3,0,5,7,6,0,3,12,3,5,0,1,0,1,0,15,6,1,1,0
n59=Lincon2Gr,1,6,4,5,12,3,3,3,3,3,3,15,5,7,6,15,3,12,3,5,15,1,15,1,15,14,6,1,1,15
n60=Lincon2GrEvents,1,6,4,5,12,3,3,14,14,14,14,0,5,7,6,0,14,14,3,5,0,1,0,1,0,15,6,1,1,0
n61=Lincon2GrGrEvents,1,6,4,5,12,3,3,14,14,14,14,15,5,7,6,15,14,14,3,5,15,1,15,1,15,14,6,1,1,15
n62=LinconGr,1,6,4,5,2,3,3,3,3,3,3,15,5,7,6,15,3,2,3,5,15,1,15,1,15,14,6,1,1,15
n63=LinconGrEvents,1,6,4,5,2,3,3,14,14,14,14,0,5,7,6,0,14,14,3,5,0,1,0,1,0,15,6,1,1,0
n64=LinconGrGrEvents,1,6,4,5,2,3,3,14,14,14,14,15,5,7,6,15,14,14,3,5,15,1,15,1,15,14,6,1,1,15
n65=mIRC Black2,1,6,4,5,2,3,3,3,3,3,3,0,5,7,6,0,3,2,3,5,0,1,0,1,0,15,6,1,1,0
n66=mIRC Black2Gr,1,6,4,5,2,3,3,3,3,3,3,15,5,7,6,15,3,2,3,5,15,1,15,1,15,14,6,1,1,15
n67=mIRC Black2Gray,1,14,14,14,14,14,14,14,14,14,14,0,14,14,14,0,14,14,14,14,0,1,0,1,0,14,14,1,1,0
n68=mIRC Black2GrayGr,1,14,14,14,14,14,14,14,14,14,14,15,14,14,14,15,14,14,14,14,15,1,15,1,15,14,14,1,1,15
n69=mIRC Black2GrayGr2,1,14,14,14,14,14,14,14,14,14,14,15,14,14,14,15,14,14,14,14,15,1,15,1,15,14,14,1,1,15
n70=mIRC Black2GrayGrInv,1,15,15,15,15,15,15,15,15,15,15,14,15,15,15,14,15,15,15,15,14,1,14,1,14,15,15,1,1,14
n71=mIRC Black2GrayGrInv2,1,15,15,15,15,15,15,15,15,15,15,14,15,15,15,14,15,15,15,15,14,1,14,1,14,15,15,1,1,14
n72=mIRC Black2GrEvents,1,6,4,5,2,3,3,14,14,14,14,0,5,7,6,0,14,14,3,5,0,1,0,1,0,15,6,1,1,0
n73=mIRC Black2GrGrEvents,1,6,4,5,2,3,3,14,14,14,14,15,5,7,6,15,14,14,3,5,15,1,15,1,15,14,6,1,1,15
n74=mIRC Classic,0,6,4,5,2,3,3,3,3,3,3,1,5,7,6,1,3,2,3,5,1,0,1,0,1,15,6,0,0,1
n75=mIRC ClassicGray,0,14,14,14,14,14,14,14,14,14,14,1,14,14,14,1,14,14,14,14,1,0,1,0,1,14,14,0,0,1
n76=mIRC ClassicGrayGr,15,14,14,14,14,14,14,14,14,14,14,1,14,14,14,1,14,14,14,14,1,15,1,15,1,14,14,15,15,1
n77=mIRC ClassicGrayGrEvents,0,14,14,14,14,14,14,15,15,15,15,1,14,14,14,1,15,15,14,14,1,0,1,0,1,14,14,0,0,1
n78=mIRC ClassicGrEvents,0,6,4,5,2,3,3,14,14,14,14,1,5,7,6,1,14,14,3,5,1,0,1,0,1,15,6,0,0,1
n79=mIRC ClassicGrEvents2,0,6,4,5,2,3,3,15,15,15,15,1,5,7,6,1,15,15,3,5,1,0,1,0,1,15,6,0,0,1
n80=mIRC Modern,0,6,4,7,2,3,4,3,3,3,3,1,5,2,6,1,14,2,3,5,1,0,1,0,1,14,5,0
n81=mIRC ModernGrEvents,0,6,4,7,2,3,4,14,14,14,14,1,5,2,6,1,14,14,3,5,1,0,1,0,1,14,5,0,0,1
n82=mIRC ModernGrEvents2,0,6,4,7,2,3,4,15,15,15,15,1,5,2,6,1,15,15,3,5,1,0,1,0,1,14,5,0,0,1
n83=mmIRCB1,1,6,4,7,11,3,3,3,3,3,3,0,7,8,6,0,3,11,3,7,0,1,0,1,0,14,6,1,1,0
n84=mmIRCB1Gr,1,6,4,7,11,3,3,3,3,3,3,15,7,8,6,15,3,11,3,7,15,1,15,1,15,14,6,1,1,15
n85=mmIRCB1Gr2,1,6,4,7,11,3,3,3,3,3,3,15,7,8,6,15,3,11,3,7,15,1,15,1,15,14,6,1,1,15
n86=mmIRCB1GrEvents,1,6,4,7,11,3,3,14,14,14,14,0,7,8,6,0,14,14,3,7,0,1,0,1,0,14,6,1,1,0
n87=mmIRCB1GrGrEvents,1,6,4,7,11,3,3,14,14,14,14,15,7,8,6,15,14,14,3,7,15,1,15,1,15,14,6,1,1,15
n88=mmIRCB1GrGrEvents2,1,6,4,7,11,3,3,14,14,14,14,15,7,8,6,15,14,14,3,7,15,1,15,1,15,14,6,1,1,15
n89=mmIRCB2,1,6,4,7,2,3,3,3,3,3,3,0,7,8,6,0,3,2,3,7,0,1,0,1,0,14,6,1,1,0
n90=mmIRCB2Gr,1,6,4,7,2,3,3,3,3,3,3,15,7,8,6,15,3,2,3,7,15,1,15,1,15,14,6,1,1,15
n91=mmIRCB2Gr2,1,6,4,7,2,3,3,3,3,3,3,15,7,8,6,15,3,2,3,7,15,1,15,1,15,14,6,1,1,15
n92=mmIRCB2GrEvents,1,6,4,7,2,3,3,14,14,14,14,0,7,8,6,0,14,14,3,7,0,1,0,1,0,14,6,1,1,0
n93=mmIRCB2GrGrEvents,1,6,4,7,2,3,3,14,14,14,14,15,7,8,6,15,14,14,3,7,15,1,15,1,15,14,6,1,1,15
n94=mmIRCB2GrGrEvents2,1,6,4,7,2,3,3,14,14,14,14,15,7,8,6,15,14,14,3,7,15,1,15,1,15,14,6,1,1,15
n95=mmIRCB3,1,6,4,7,11,3,3,3,3,3,3,0,7,8,6,0,3,11,3,7,0,1,0,1,0,14,6,1,1,0
n96=mmIRCB3Gr,1,6,4,7,11,3,3,3,3,3,3,15,7,8,6,15,3,11,3,7,15,1,15,1,15,14,6,1,1,15
n97=mmIRCB3Gr2,1,6,4,7,11,3,3,3,3,3,3,15,7,8,6,15,3,11,3,7,15,1,15,1,15,14,6,1,1,15
n98=mmIRCB3GrEvents,1,6,4,7,11,3,3,14,14,14,14,0,7,8,6,0,14,14,3,7,0,1,0,1,0,14,6,1,1,0
n99=mmIRCB3GrGrEvents,1,6,4,7,11,3,3,14,14,14,14,15,7,8,6,15,14,14,3,7,15,1,15,1,15,14,6,1,1,15
n100=mmIRCB3GrGrEvents2,1,6,4,7,11,3,3,14,14,14,14,15,7,8,6,15,14,14,3,7,15,1,15,1,15,14,6,1,1,15
n101=mmIRCB4,1,6,4,7,11,9,9,9,9,9,9,0,7,8,6,0,9,11,9,7,0,1,0,1,0,14,6,1,1,0
n102=mmIRCB4Gr,1,6,4,7,11,9,9,9,9,9,9,15,7,8,6,15,9,11,9,7,15,1,15,1,15,14,6,1,1,15
n103=mmIRCB4Gr2,1,6,4,7,11,9,9,9,9,9,9,15,7,8,6,15,9,11,9,7,15,1,15,1,15,14,6,1,1,15
n104=mmIRCB4GrEvents,1,6,4,7,11,9,9,14,14,14,14,0,7,8,6,0,14,14,9,7,0,1,0,1,0,14,6,1,1,0
n105=mmIRCB4GrGrEvents,1,6,4,7,11,9,9,14,14,14,14,15,7,8,6,15,14,14,9,7,15,1,15,1,15,14,6,1,1,15
n106=mmIRCB4GrGrEvents2,1,6,4,7,11,9,9,14,14,14,14,15,7,8,6,15,14,14,9,7,15,1,15,1,15,14,6,1,1,15
n107=mmIRCBl,1,0,0,0,0,0,0,0,0,0,0,0,0,0,0,0,0,0,0,0,0,1,0,1,0,0,0,1,1,0
n108=mmIRCBl2,1,0,0,0,0,0,0,0,0,0,0,0,0,0,0,0,0,0,0,0,0,1,0,1,0,0,0,1,1,0
n109=mmIRCBl2GrEvents,1,0,0,0,0,0,0,14,14,14,14,0,0,0,0,0,14,14,0,0,0,1,0,1,0,0,0,1,1,0
n110=mmIRCBlue,1,2,2,2,2,2,2,2,2,2,2,2,2,2,2,2,2,2,2,2,2,1,2,1,2,2,2,1,1,2
n111=mmIRCBlue2,1,2,2,2,2,2,2,2,2,2,2,2,2,2,2,2,2,2,2,2,2,1,2,1,2,2,2,1,1,2
n112=mmIRCBlue2GrEvents,1,2,2,2,2,2,2,14,14,14,14,2,2,2,2,2,14,14,2,2,2,1,2,1,2,2,2,1,1,2
n113=mmIRCBlueStuff,1,6,4,7,2,2,5,2,2,2,2,15,4,7,2,15,2,2,2,5,2,1,15,1,15,14,15,1,1,15
n114=mmIRCBlueStuff2,1,6,4,7,2,2,4,2,2,2,2,15,4,7,2,15,2,2,2,4,2,1,15,1,15,14,15,1,1,15
n115=mmIRCGr,1,15,15,15,15,15,15,15,15,15,15,15,15,15,15,15,15,15,15,15,15,1,15,1,15,15,15,1,1,15
n116=mmIRCGr2,1,15,15,15,15,15,15,15,15,15,15,15,15,15,15,15,15,15,15,15,15,1,15,1,15,15,15,1,1,15
n117=mmIRCGr2GrEvents,1,15,15,15,15,15,15,14,14,14,14,15,15,15,15,15,14,14,15,15,15,1,15,1,15,15,15,1,1,15
n118=mmIRCGr3,1,15,15,15,15,15,15,15,15,15,15,15,15,15,15,15,15,15,15,15,15,1,15,1,15,15,15,1,1,15
n119=mmIRCGr3GrEvents,1,15,15,15,15,15,15,14,14,14,14,15,15,15,15,15,14,14,15,15,15,1,15,1,15,15,15,1,1,15
n120=mmIRCGrDarker,1,15,15,15,15,15,15,15,15,15,15,15,15,15,15,15,15,15,15,15,15,1,15,1,15,15,15,1,1,15
n121=mmIRCGreen1,1,3,3,3,3,3,3,3,3,3,3,3,3,3,3,3,3,3,3,3,3,1,3,1,3,3,3,1,1,3
n122=mmIRCGreen12,1,3,3,3,3,3,3,3,3,3,3,3,3,3,3,3,3,3,3,3,3,1,3,1,3,3,3,1,1,3
n123=mmIRCGreen129Events,1,9,9,9,9,9,9,9,9,9,9,3,9,9,9,3,9,9,9,9,3,1,3,1,3,9,9,1,1,3
n124=mmIRCGreen12GrEvents,1,3,3,3,3,3,3,14,14,14,14,3,3,3,3,3,14,14,3,3,3,1,3,1,3,3,3,1,1,3
n125=mmIRCGreen2,1,9,9,9,9,9,9,9,9,9,9,9,9,9,9,9,9,9,9,9,9,1,9,1,9,9,9,1,1,9
n126=mmIRCGreen22,1,9,9,9,9,9,9,9,9,9,9,9,9,9,9,9,9,9,9,9,9,1,9,1,9,9,9,1,1,9
n127=mmIRCGreen223Events,1,3,3,3,3,3,3,3,3,3,3,9,3,3,3,9,3,3,3,3,9,1,9,1,9,3,3,1,1,9
n128=mmIRCGreen22GrEvents,1,9,9,9,9,9,9,14,14,14,14,9,9,9,9,9,14,14,9,9,9,1,9,1,9,9,9,1,1,9
n129=mmIRCGreen3,1,3,3,3,3,3,3,3,3,3,3,3,3,3,3,3,3,3,3,3,3,1,3,1,3,3,3,1,1,3
n130=mmIRCGreen32,1,3,3,3,3,3,3,3,3,3,3,3,3,3,3,3,3,3,3,3,3,1,3,1,3,3,3,1,1,3
n131=mmIRCGreen32GrEvents,1,3,3,3,3,3,3,14,14,14,14,3,3,3,3,3,14,14,3,3,3,1,3,1,3,3,3,1,1,3
n132=mmIRCO,1,7,7,7,7,7,7,7,7,7,7,7,7,7,7,7,7,7,7,7,7,1,7,1,7,7,7,1,1,7
n133=mmIRCO2,1,7,7,7,7,7,7,7,7,7,7,7,7,7,7,7,7,7,7,7,7,1,7,1,7,7,7,1,1,7
n134=mmIRCO2GrEvents,1,7,7,7,7,7,7,14,14,14,14,7,7,7,7,7,14,14,7,7,7,1,7,1,7,7,7,1,1,7
n135=mmIRCWh,0,1,1,1,1,1,1,1,1,1,1,1,1,1,1,1,1,1,1,1,1,0,1,0,1,1,1,0,0,1
n136=mmIRCWh2,0,1,1,1,1,1,1,1,1,1,1,1,1,1,1,1,1,1,1,1,1,0,1,0,1,1,1,0,0,1
n137=mmIRCWh2GrEvents,0,1,1,1,1,1,1,14,14,14,14,1,1,1,1,1,14,14,1,1,1,0,1,0,1,1,1,0,0,1
n138=Monochrome State,1,15,15,15,15,15,15,15,15,15,15,15,15,15,15,15,15,15,15,15,15,1,15,1,15,15,15,14,1,15
n139=Monochrome State2,1,15,15,15,15,15,15,15,15,15,15,15,15,15,15,15,15,15,15,15,15,1,15,1,15,15,15,14,1,15
n140=Monochrome State2GrEvents,1,15,15,15,15,15,15,14,14,14,14,15,15,15,15,15,15,14,15,15,15,1,15,1,15,15,15,14,1,15
n141=Monochrome State3,1,15,15,15,15,15,15,15,15,15,15,15,15,15,15,15,15,15,15,15,15,1,15,1,15,15,15,14,1,15
n142=Monochrome State3GrEvents,1,15,15,15,15,15,15,14,14,14,14,15,15,15,15,15,15,14,15,15,15,1,15,1,15,15,15,14,1,15
n143=Monochrome State4,1,15,15,15,15,15,15,15,15,15,15,15,15,15,15,15,15,15,15,15,15,1,15,1,15,15,15,1,1,15
n144=Monokai,1,4,4,4,2,3,4,3,6,6,3,0,2,2,0,0,3,4,3,4,0,1,0,1,0,14,0,1,1,0
n145=Monokai2,1,13,4,7,2,3,3,3,3,3,3,0,7,6,13,0,3,2,3,7,0,1,0,1,0,14,0,1,1,0
n146=Monokai2Black,1,13,4,7,2,3,3,3,3,3,3,0,7,6,13,0,3,2,3,7,0,1,0,1,0,14,0,1,1,0
n147=Monokai2BlackGrEvents,1,13,4,7,2,3,3,14,14,14,14,0,7,6,13,0,14,14,3,7,0,1,0,1,0,14,0,1,1,0
n148=Monokai2Dark,1,13,4,7,2,3,3,3,3,3,3,0,7,6,13,0,3,2,3,7,0,1,0,1,0,14,0,1,1,0
n149=Monokai2Darker,1,13,4,7,2,3,3,3,3,3,3,0,7,6,13,0,3,2,3,7,0,1,0,1,0,14,0,1,1,0
n150=Monokai2DarkerGrEvents,1,13,4,7,2,3,3,14,14,14,14,0,7,6,13,0,14,14,3,7,0,1,0,1,0,14,0,1,1,0
n151=Monokai2DarkGrEvents,1,13,4,7,2,3,3,14,14,14,14,0,7,6,13,0,14,14,3,7,0,1,0,1,0,14,0,1,1,0
n152=Monokai2Gr,1,13,4,7,2,3,3,3,3,3,3,15,7,6,13,15,3,2,3,7,15,1,15,1,15,14,15,1,1,15
n153=Monokai2GrBlack,1,13,4,7,2,3,3,3,3,3,3,15,7,6,13,15,3,2,3,7,15,1,15,1,15,14,15,1,1,15
n154=Monokai2GrBlackGrEvents,1,13,4,7,2,3,3,14,14,14,14,15,7,6,13,15,14,14,3,7,15,1,15,1,15,14,15,1,1,15
n155=Monokai2GrDark,1,13,4,7,2,3,3,3,3,3,3,15,7,6,13,15,3,2,3,7,15,1,15,1,15,14,15,1,1,15
n156=Monokai2GrDarker,1,13,4,7,2,3,3,3,3,3,3,15,7,6,13,15,3,2,3,7,15,1,15,1,15,14,15,1,1,15
n157=Monokai2GrDarkerGrEvents,1,13,4,7,2,3,3,14,14,14,14,15,7,6,13,15,14,14,3,7,15,1,15,1,15,14,15,1,1,15
n158=Monokai2GrDarkGrEvents,1,13,4,7,2,3,3,14,14,14,14,15,7,6,13,15,14,14,3,7,15,1,15,1,15,14,15,1,1,15
n159=Monokai2GrEvents,1,13,4,7,2,3,3,14,14,14,14,0,7,6,13,0,14,14,3,7,0,1,0,1,0,14,0,1,1,0
n160=Monokai2GrGrEvents,1,13,4,7,2,3,3,14,14,14,14,15,7,6,13,15,14,14,3,7,15,1,15,1,15,14,15,1,1,15
n161=MonokaiBlack,1,4,4,4,2,3,4,3,6,6,3,0,2,2,0,0,3,4,3,4,0,1,0,1,0,14,0,1,1,0
n162=MonokaiBlackGrEvents,1,4,4,4,2,3,4,14,14,14,14,0,2,2,0,0,14,14,3,4,0,1,0,1,0,14,0,1,1,0
n163=MonokaiDark,1,4,4,4,2,3,4,3,6,6,3,0,2,2,0,0,3,4,3,4,0,1,0,1,0,14,0,1,1,0
n164=MonokaiDarker,1,4,4,4,2,3,4,3,6,6,3,0,2,2,0,0,3,4,3,4,0,1,0,1,0,14,0,1,1,0
n165=MonokaiDarkerGrEvents,1,4,4,4,2,3,4,14,14,14,14,0,2,2,0,0,14,14,3,4,0,1,0,1,0,14,0,1,1,0
n166=MonokaiDarkGrEvents,1,4,4,4,2,3,4,14,14,14,14,0,2,2,0,0,14,14,3,4,0,1,0,1,0,14,0,1,1,0
n167=MonokaiGr,1,4,4,4,2,3,4,3,6,6,3,15,2,2,15,15,3,4,3,4,15,1,15,1,15,14,15,1,1,15
n168=MonokaiGrBlack,1,4,4,4,2,3,4,3,6,6,3,15,2,2,15,15,3,4,3,4,15,1,15,1,15,14,15,1,1,15
n169=MonokaiGrBlack2,1,4,4,4,2,3,4,3,6,6,3,15,2,2,15,15,3,4,3,4,15,1,15,1,15,14,15,1,1,15
n170=MonokaiGrBlackGrEvents,1,4,4,4,2,3,4,14,14,14,14,15,2,2,15,15,14,14,3,4,15,1,15,1,15,14,15,1,1,15
n171=MonokaiGrBlackGrEvents2,1,4,4,4,2,3,4,14,14,14,14,15,2,2,15,15,14,14,3,4,15,1,15,1,15,14,15,1,1,15
n172=MonokaiGrDark,1,4,4,4,2,3,4,3,6,6,3,15,2,2,15,15,3,4,3,4,15,1,15,1,15,14,15,1,1,15
n173=MonokaiGrDarker,1,4,4,4,2,3,4,3,6,6,3,15,2,2,15,15,3,4,3,4,15,1,15,1,15,14,15,1,1,15
n174=MonokaiGrDarkerGrEvents,1,4,4,4,2,3,4,14,14,14,14,15,2,2,15,15,14,14,3,4,15,1,15,1,15,14,15,1,1,15
n175=MonokaiGrDarkGrEvents,1,4,4,4,2,3,4,14,14,14,14,15,2,2,15,15,14,14,3,4,15,1,15,1,15,14,15,1,1,15
n176=MonokaiGrEvents,1,4,4,4,2,3,4,14,14,14,14,0,2,2,0,0,14,14,3,4,0,1,0,1,0,14,0,1,1,0
n177=MonokaiGrGrEvents,1,4,4,4,2,3,4,14,14,14,14,15,2,2,15,15,14,14,3,4,15,1,15,1,15,14,15,1,1,15
n178=Neka,1,6,7,5,2,10,10,10,10,10,10,0,5,7,6,0,10,2,10,5,0,1,0,1,0,15,6,1,1,0
n179=NekaBlack,1,6,7,5,2,10,10,10,10,10,10,0,5,7,6,0,10,2,10,5,0,1,0,1,0,15,6,1,1,0
n180=NekaBlackGrEvents,1,6,7,5,2,10,10,14,14,14,14,0,5,7,6,0,14,14,10,5,0,1,0,1,0,15,6,1,1,0
n181=NekaDark,1,6,7,5,2,10,10,10,10,10,10,0,5,7,6,0,10,2,10,5,0,1,0,1,0,15,6,1,1,0
n182=NekaDarker,1,6,7,5,2,10,10,10,10,10,10,0,5,7,6,0,10,2,10,5,0,1,0,1,0,15,6,1,1,0
n183=NekaDarkerGrEvents,1,6,7,5,2,10,10,14,14,14,14,0,5,7,6,0,14,14,10,5,0,1,0,1,0,15,6,1,1,0
n184=NekaDarkGrEvents,1,6,7,5,2,10,10,14,14,14,14,0,5,7,6,0,14,14,10,5,0,1,0,1,0,15,6,1,1,0
n185=NekaGrEvents,1,6,7,5,2,10,10,14,14,14,14,0,5,7,6,0,14,14,10,5,0,1,0,1,0,15,6,1,1,0
n186=Neko,1,6,4,5,2,3,3,3,3,3,3,0,5,7,6,0,3,2,3,5,0,1,0,1,0,15,6,1,1,0
n187=Neko2,1,6,4,5,2,3,3,3,3,3,3,0,5,7,6,0,3,2,3,5,0,1,0,1,0,15,6,1,1,0
n188=Neko2GrEvents,1,6,4,5,2,3,3,15,15,15,15,0,5,7,6,0,15,15,3,5,0,1,0,1,0,15,6,1,1,0
n189=NekoBlack,1,6,4,5,2,3,3,3,3,3,3,0,5,7,6,0,3,2,3,5,0,1,0,1,0,15,6,1,1,0
n190=NekoBlackGrEvents,1,6,4,5,2,3,3,15,15,15,15,0,5,7,6,0,15,15,3,5,0,1,0,1,0,15,6,1,1,0
n191=NekoGrEvents,1,6,4,5,2,3,3,15,15,15,15,0,5,7,6,0,15,15,3,5,0,1,0,1,0,15,6,1,1,0
n192=Placid Hues,0,2,4,7,2,3,3,3,3,15,3,1,5,7,6,1,3,2,3,5,1,0,1,0,1,15,6,0
n193=Placid Hues2,0,2,4,7,2,3,3,3,3,15,3,1,5,7,6,1,3,2,3,5,1,0,1,0,1,15,6,0,0,1
n194=Placid Hues2GrEvents,0,2,4,7,2,3,3,14,14,14,14,1,5,7,6,1,14,14,3,5,1,0,1,0,1,15,6,0,0,1
n195=Placid HuesGrEvents,0,2,4,7,2,3,3,14,14,14,14,1,5,7,6,1,14,14,3,5,1,0,1,0,1,15,6,0,0,1
n196=Rainbow Sky,0,7,4,5,1,1,3,3,8,13,3,14,2,7,13,5,3,8,3,4,14,0,5,0,3,14,10,0,0,1
n197=Rainbow SkyGrEvents,0,7,4,5,1,1,3,15,15,15,15,14,2,7,13,5,15,15,3,4,14,0,5,0,3,14,10,0,0,1
n198=Solarized,1,15,10,9,8,8,8,15,11,11,15,6,9,9,7,6,15,15,11,11,15,1,6,1,7,7,15,1,1,15
n199=SolarizedBlack,1,15,10,9,8,8,8,15,11,11,15,6,9,9,7,6,15,15,11,11,15,1,6,1,7,7,15,1,1,15
n200=SolarizedBlackGrEvents,1,15,10,9,8,8,8,2,2,2,2,6,9,9,7,6,2,2,11,11,15,1,6,1,7,7,15,1,1,15
n201=SolarizedDarker,1,15,10,9,8,8,8,15,11,11,15,6,9,9,7,6,15,15,11,11,15,1,6,1,7,7,15,1,1,15
n202=SolarizedDarkerGrEvents,1,15,10,9,8,8,8,2,2,2,2,6,9,9,7,6,2,2,11,11,15,1,6,1,7,7,15,1,1,15
n203=SolarizedGrEvents,1,15,10,9,8,8,8,2,2,2,2,6,9,9,7,6,2,2,11,11,15,1,6,1,7,7,15,1,1,15
n204=Tempesta,1,4,4,4,2,3,4,3,6,6,3,0,2,2,5,0,5,4,3,4,0,1,0,1,0,14,5,1,1,0
n205=Tempesta2,1,6,4,8,2,3,3,3,3,3,3,0,8,7,6,0,3,2,3,8,0,1,0,1,0,14,6,1,1,0
n206=Tempesta2Black,1,6,4,8,2,3,3,3,3,3,3,0,8,7,6,0,3,2,3,8,0,1,0,1,0,14,6,1,1,0
n207=Tempesta2BlackGrEvents,1,6,4,8,2,3,3,15,15,15,15,0,8,7,6,0,15,15,3,8,0,1,0,1,0,14,6,1,1,0
n208=Tempesta2Dark,1,6,4,8,2,3,3,3,3,3,3,0,8,7,6,0,3,2,3,8,0,1,0,1,0,14,6,1,1,0
n209=Tempesta2Darker,1,6,4,8,2,3,3,3,3,3,3,0,8,7,6,0,3,2,3,8,0,1,0,1,0,14,6,1,1,0
n210=Tempesta2DarkerGrEvents,1,6,4,8,2,3,3,15,15,15,15,0,8,7,6,0,15,15,3,8,0,1,0,1,0,14,6,1,1,0
n211=Tempesta2DarkGrEvents,1,6,4,8,2,3,3,15,15,15,15,0,8,7,6,0,15,15,3,8,0,1,0,1,0,14,6,1,1,0
n212=Tempesta2GrEvents,1,6,4,8,2,3,3,15,15,15,15,0,8,7,6,0,15,15,3,8,0,1,0,1,0,14,6,1,1,0
n213=TempestaBlack,1,4,4,4,2,3,4,3,6,6,3,0,2,2,5,0,5,4,3,4,0,1,0,1,0,14,5,1,1,0
n214=TempestaBlackGrEvents,1,4,4,4,2,3,4,15,15,15,15,0,2,2,5,0,15,15,3,4,0,1,0,1,0,14,5,1,1,0
n215=TempestaDark,1,4,4,4,2,3,4,3,6,6,3,0,2,2,5,0,5,4,3,4,0,1,0,1,0,14,5,1,1,0
n216=TempestaDarker,1,4,4,4,2,3,4,3,6,6,3,0,2,2,5,0,5,4,3,4,0,1,0,1,0,14,5,1,1,0
n217=TempestaDarkerGrEvents,1,4,4,4,2,3,4,15,15,15,15,0,2,2,5,0,15,15,3,4,0,1,0,1,0,14,5,1,1,0
n218=TempestaDarkGrEvents,1,4,4,4,2,3,4,15,15,15,15,0,2,2,5,0,15,15,3,4,0,1,0,1,0,14,5,1,1,0
n219=TempestaGrEvents,1,4,4,4,2,3,4,15,15,15,15,0,2,2,5,0,15,15,3,4,0,1,0,1,0,14,5,1,1,0
n220=Wad's Black,1,6,4,5,2,3,3,3,3,3,3,0,5,7,6,0,3,2,3,5,0,1,0,1,0,15,6,1,1,0
n221=Wad's BlackGr,1,6,4,5,2,3,3,3,3,3,3,15,5,7,6,15,3,2,3,5,15,1,15,1,15,14,6,1,1,15
n222=Wad's BlackGr2,1,6,4,5,2,3,3,3,3,3,3,15,5,7,6,15,3,2,3,5,15,1,15,1,15,14,6,1,1,15
n223=Wad's BlackGr2GrEvents,1,6,4,5,2,3,3,14,14,14,14,15,5,7,6,15,14,14,3,5,15,1,15,1,15,14,6,1,1,15
n224=Wad's BlackGrEvents,1,6,4,5,2,3,3,14,14,14,14,0,5,7,6,0,14,14,3,5,0,1,0,1,0,15,6,1,1,0
n225=Wad's BlackGrGrEvents,1,6,4,5,2,3,3,14,14,14,14,15,5,7,6,15,14,14,3,5,15,1,15,1,15,14,6,1,1,15
n226=Wad's White,0,6,4,5,2,3,3,3,3,3,3,1,5,7,6,1,3,2,3,5,1,0,1,0,1,15,6,0,0,1
n227=Wad's WhiteGrEvents,0,6,4,5,2,3,3,15,15,15,15,1,5,7,6,1,15,15,3,5,1,0,1,0,1,15,6,0,0,1
n228=Zenburn,1,11,4,10,14,14,15,3,2,6,11,0,4,15,9,12,7,7,5,4,13,1,12,1,3,8,10,1,1,14
n229=Zenburn2,1,11,4,10,14,14,15,3,2,6,11,0,4,15,9,0,7,7,5,4,13,1,0,1,3,8,10,1,1,14
n230=Zenburn2Black,1,11,4,10,14,14,15,3,2,6,11,0,4,15,9,0,7,7,5,4,13,1,0,1,3,8,10,1,1,14
n231=Zenburn2Black2,1,11,4,10,14,14,15,3,2,6,11,0,4,15,9,0,7,7,5,4,13,1,0,1,3,8,10,1,1,14
n232=Zenburn2Black2Gr,1,11,4,10,14,14,15,3,2,6,11,0,4,15,9,0,7,7,5,4,13,1,0,1,3,8,10,1,1,14
n233=Zenburn2Black2GrEvents,1,11,4,10,14,14,15,9,9,9,9,0,4,15,9,0,9,9,5,4,13,1,0,1,3,8,10,1,1,14
n234=Zenburn2Black2GrGrEvents,1,11,4,10,14,14,15,9,9,9,9,0,4,15,9,0,9,9,5,4,13,1,0,1,3,8,10,1,1,14
n235=Zenburn2BlackGrEvents,1,11,4,10,14,14,15,9,9,9,9,0,4,15,9,0,9,9,5,4,13,1,0,1,3,8,10,1,1,14
n236=Zenburn2Dark,1,11,4,10,14,14,15,3,2,6,11,0,4,15,9,0,7,7,5,4,13,1,0,1,3,8,10,1,1,14
n237=Zenburn2Darker,1,11,4,10,14,14,15,3,2,6,11,0,4,15,9,0,7,7,5,4,13,1,0,1,3,8,10,1,1,14
n238=Zenburn2DarkerGrEvents,1,11,4,10,14,14,15,9,9,9,9,0,4,15,9,0,9,9,5,4,13,1,0,1,3,8,10,1,1,14
n239=Zenburn2DarkGrEvents,1,11,4,10,14,14,15,9,9,9,9,0,4,15,9,0,9,9,5,4,13,1,0,1,3,8,10,1,1,14
n240=Zenburn2GrEvents,1,11,4,10,14,14,15,9,9,9,9,0,4,15,9,0,9,9,5,4,13,1,0,1,3,8,10,1,1,14
n241=ZenburnBlack,1,11,4,10,14,14,15,3,2,6,11,0,4,15,9,12,7,7,5,4,13,1,12,1,3,8,10,1,1,14
n242=ZenburnBlackGrEvents,1,11,4,10,14,14,15,9,9,9,9,0,4,15,9,12,9,9,5,4,13,1,12,1,3,8,10,1,1,14
n243=ZenburnDark,1,11,4,10,14,14,15,3,2,6,11,0,4,15,9,12,7,7,5,4,13,1,12,1,3,8,10,1,1,14
n244=ZenburnDarker,1,11,4,10,14,14,15,3,2,6,11,0,4,15,9,12,7,7,5,4,13,1,12,1,3,8,10,1,1,14
n245=ZenburnDarkerGrEvents,1,11,4,10,14,14,15,9,9,9,9,0,4,15,9,12,9,9,5,4,13,1,12,1,3,8,10,1,1,14
n246=ZenburnDarkGrEvents,1,11,4,10,14,14,15,9,9,9,9,0,4,15,9,12,9,9,5,4,13,1,12,1,3,8,10,1,1,14
n247=ZenburnGrEvents,1,11,4,10,14,14,15,9,9,9,9,0,4,15,9,12,9,9,5,4,13,1,12,1,3,8,10,1,1,14

[palettes]
n0=11383219,1314314,16761433,5036482,7893488,3355647,10088191,4231167,7583462,5289190,13362837,5551359,15120953,6854386,7563874,5063229
n1=11383219,0,16761433,5036482,7893488,3355647,10088191,4231167,7583462,5289190,13362837,5551359,15120953,6854386,7563874,5063229
n2=11383219,0,16761433,5036482,7893488,3355647,10088191,4231167,7583462,5289190,13362837,5551359,15120953,6854386,7563874,5063229
n3=11383219,985349,16761433,5036482,7893488,3355647,10088191,4231167,7583462,5289190,13362837,5551359,15120953,6854386,7563874,5063229
n4=11383219,985349,16761433,5036482,7893488,3355647,10088191,4231167,7583462,5289190,13362837,5551359,15120953,6854386,7563874,5063229
n5=11383219,1314314,16761433,5036482,7893488,3355647,10088191,4231167,7583462,5289190,13362837,5551359,15120953,6854386,7563874,5063229
n6=16448250,8418924,15113785,45958,7434736,1579253,13400739,4099578,8305382,4233727,10075980,4828914,13939797,6722541,11972779,10919317
n7=16448250,8418924,15113785,45958,7434736,1579253,13400739,4099578,8305382,4233727,10075980,4828914,13939797,6722541,11972779,10919317
n8=13028555,3154975,16765043,8316602,7964658,3355647,16760788,5875711,11790079,6737151,13362837,8443391,15126364,7642866,7563100,9206384
n9=13028555,0,16765043,8316602,7964658,3355647,16760788,5875711,11790079,6737151,13362837,8443391,15126364,7642866,7563100,9206384
n10=13028555,0,16765043,8316602,7964658,3355647,16760788,5875711,11790079,6737151,13362837,8443391,15126364,7642866,7563100,9206384
n11=13028555,1314314,16765043,8316602,7964658,3355647,16760788,5875711,11790079,6737151,13362837,8443391,15126364,7642866,7563100,9206384
n12=13028555,985349,16765043,8316602,7964658,3355647,16760788,5875711,11790079,6737151,13362837,8443391,15126364,7642866,7563100,9206384
n13=13028555,985349,16765043,8316602,7964658,3355647,16760788,5875711,11790079,6737151,13362837,8443391,15126364,7642866,7563100,9206384
n14=13028555,1314314,16765043,8316602,7964658,3355647,16760788,5875711,11790079,6737151,13362837,8443391,15126364,7642866,7563100,9206384
n15=13028555,3154975,16765043,8316602,7964658,3355647,16760788,5875711,11790079,6737151,13362837,8443391,15126364,7642866,7563100,9206384
n16=16777215,0,12615680,37632,8421631,127,10223772,32764,8454143,8454016,9671424,16776960,16744448,16744703,8355711,12632256
n17=16777215,0,12615680,37632,8421631,127,10223772,32764,8454143,8454016,9671424,16776960,16744448,16744703,8355711,12632256
n18=16777215,0,12615680,37632,8421631,127,10223772,32764,8454143,8454016,9671424,16776960,16744448,16744703,8355711,12632256
n19=15066597,0,16356285,8125008,5592575,5592575,13007359,7125247,9239281,8125008,16640395,16640395,16356285,13007359,11711154,13421772
n20=15066597,0,16356285,8125008,5592575,5592575,13007359,7125247,9239281,8125008,16640395,16640395,16356285,13007359,11711154,13421772
n21=15066597,0,16356285,8125008,5592575,5592575,13007359,7125247,9239281,8125008,16640395,16640395,16356285,13007359,11711154,13421772
n22=16777215,1644825,11553536,4163108,3423972,1447596,8478081,40447,705023,8503681,9671424,16764672,16739328,16711935,8750469,13158600
n23=16777215,0,11553536,4163108,3423972,1447596,8478081,40447,705023,8503681,9671424,16764672,16739328,16711935,8750469,13158600
n24=13618643,3552302,10773812,432718,204,145807,6698332,23758,41156,1495667,7972881,10330456,10385751,6636448,5461845,8751752
n25=13618643,0,10773812,432718,204,145807,6698332,23758,41156,1495667,7972881,10330456,10385751,6636448,5461845,8751752
n26=13618643,0,10773812,432718,204,145807,6698332,23758,41156,1495667,7972881,10330456,10385751,6636448,5461845,8751752
n27=13618643,1446930,10773812,432718,204,145807,6698332,23758,41156,1495667,7972881,10330456,10385751,6636448,5461845,8751752
n28=13618643,789514,10773812,432718,204,145807,6698332,23758,41156,1495667,7972881,10330456,10385751,6636448,5461845,8751752
n29=13618643,789514,10773812,432718,204,145807,6698332,23758,41156,1495667,7972881,10330456,10385751,6636448,5461845,8751752
n30=13618643,1446930,10773812,432718,204,145807,6698332,23758,41156,1495667,7972881,10330456,10385751,6636448,5461845,8751752
n31=13618643,3552302,10773812,432718,204,145807,6698332,23758,41156,1495667,7972881,10330456,10385751,6636448,5461845,8751752
n32=13618643,3552302,10773812,432718,204,145807,6698332,23758,41156,1495667,7972881,10330456,10385751,6636448,5461845,8751752
n33=13618643,3552302,10773812,432718,204,145807,6698332,23758,41156,1495667,7972881,10330456,10385751,6636448,5461845,8751752
n34=13553358,0,13369344,52225,220,170,12255418,43775,2350575,5561907,13356032,16772659,16646144,15606509,7829367,10066329
n35=13553358,0,13790720,52225,220,170,12255418,43775,2350575,5561907,13356032,16772659,16744448,15606509,7829367,10066329
n36=13553358,0,13790720,52225,220,170,12255418,43775,2350575,5561907,13356032,16772659,16744448,15606509,7829367,10066329
n37=13553358,0,13369344,52225,220,170,12255418,43775,2350575,5561907,13356032,16772659,16646144,15606509,7829367,10066329
n38=15329769,0,15306514,2853931,1398002,1532660,8267647,8948363,4237015,4115517,5592345,7638062,14959684,11548593,16777215,9803157
n39=15329769,0,15306514,2853931,1398002,1532660,8267647,8948363,4237015,4115517,5592345,7638062,14959684,11548593,16777215,9803157
n40=14672094,1144855,8441734,8894333,7330405,6356065,4848506,38924,6087168,10419972,7369839,2227458,7700339,10343597,14212305,14869218
n41=14672094,1144855,8441734,8894333,7330405,6356065,4848506,38924,6087168,10419972,7369839,2227458,7700339,10343597,14212305,14869218
n42=16777215,4081736,15653222,2934636,2136062,7481338,16668819,6189430,7724007,3072679,9482038,14020454,15653222,16745134,6189430,12767439
n43=16777215,4081736,15653222,2934636,2136062,7481338,16668819,6189430,7724007,3072679,9482038,14020454,15653222,16745134,6189430,12767439
n44=16777215,0,8866080,367182,164,2763247,10057107,22927,5237244,3465866,10839604,8081525,13533042,11042477,5396309,11976122
n45=16777215,0,8866080,367182,164,2763247,10057107,22927,5237244,3465866,10839604,8081525,13533042,11042477,5396309,11976122
n46=10592659,1461194,13863718,10068521,12808556,8599251,13863718,12808556,3093211,35509,8599251,7630423,39557,1461194,35509,1461194
n47=8043737,6192795,9843456,4744833,78845,2926565,212,300028,3667444,616953,13265153,16768691,16684802,5547467,4674134,10213885
n48=8043737,6192795,9843456,4744833,78845,2926565,212,300028,3667444,616953,13265153,16768691,16684802,5547467,3225660,10213885
n49=8043737,6192795,9843456,4744833,78845,2926565,212,300028,3667444,616953,13265153,16768691,16684802,5547467,3225660,10213885
n50=8043737,6192795,9843456,4744833,78845,2926565,212,300028,3667444,616953,13265153,16768691,16684802,5547467,4674134,10213885
n51=16777215,1842204,14135183,6260575,6250415,6260615,8871775,6197437,9227468,8892295,11503455,11513695,8882015,11503495,7039851,10066329
n52=16777215,0,14135183,6260575,6250415,6260615,8871775,6197437,9227468,8892295,11503455,11513695,8882015,11503495,7039851,10066329
n53=16777215,0,14135183,6260575,6250415,6260615,8871775,6197437,9227468,8892295,11503455,11513695,8882015,11503495,7039851,10066329
n54=16777215,1579032,14135183,6260575,6250415,6260615,8871775,6197437,9227468,8892295,11503455,11513695,8882015,11503495,7039851,10066329
n55=16777215,1579032,14135183,6260575,6250415,6260615,8871775,6197437,9227468,8892295,11503455,11513695,8882015,11503495,7039851,10066329
n56=16777215,1842204,14135183,6260575,6250415,6260615,8871775,6197437,9227468,8892295,11503455,11513695,8882015,11503495,7039851,10066329
n57=16777215,0,11141120,43520,255,170,11141290,32764,5701631,5701462,11184640,16777046,16733782,16733951,5658198,11184810
n58=16777215,0,11141120,43520,255,170,11141290,32764,5701631,5701462,11184640,16777046,16733782,16733951,5658198,11184810
n59=16777215,0,11141120,43520,255,170,11141290,32764,5701631,5701462,11184640,16777046,16733782,16733951,5658198,11184810
n60=16777215,0,11141120,43520,255,170,11141290,32764,5701631,5701462,11184640,16777046,16733782,16733951,5658198,11184810
n61=16777215,0,11141120,43520,255,170,11141290,32764,5701631,5701462,11184640,16777046,16733782,16733951,5658198,11184810
n62=16777215,0,11141120,43520,255,170,11141290,32764,5701631,5701462,11184640,16777046,16733782,16733951,5658198,11184810
n63=16777215,0,11141120,43520,255,170,11141290,32764,5701631,5701462,11184640,16777046,16733782,16733951,5658198,11184810
n64=16777215,0,11141120,43520,255,170,11141290,32764,5701631,5701462,11184640,16777046,16733782,16733951,5658198,11184810
n65=16777215,0,12615680,37632,255,127,10223772,32764,65535,64512,9671424,16776960,16744448,16711935,8355711,13816530
n66=16777215,0,12615680,37632,255,127,10223772,32764,65535,64512,9671424,16776960,16744448,16711935,8355711,13816530
n67=16777215,0,12615680,37632,255,127,10223772,32764,65535,64512,9671424,16776960,16744448,16711935,8355711,13816530
n68=16777215,0,12615680,37632,255,127,10223772,32764,65535,64512,9671424,16776960,16744448,16711935,8355711,13816530
n69=16777215,0,12615680,37632,255,127,10223772,32764,65535,64512,9671424,16776960,16744448,16711935,8355711,12632256
n70=16777215,0,12615680,37632,255,127,10223772,32764,65535,64512,9671424,16776960,16744448,16711935,8355711,13816530
n71=16777215,0,12615680,37632,255,127,10223772,32764,65535,64512,9671424,16776960,16744448,16711935,8355711,12632256
n72=16777215,0,12615680,37632,255,127,10223772,32764,65535,64512,9671424,16776960,16744448,16711935,8355711,13816530
n73=16777215,0,12615680,37632,255,127,10223772,32764,65535,64512,9671424,16776960,16744448,16711935,8355711,13816530
n74=16777215,0,8323072,37632,255,127,10223772,32764,65535,64512,9671424,16776960,16515072,16711935,8355711,13816530
n75=16777215,0,8323072,37632,255,127,10223772,32764,65535,64512,9671424,16776960,16515072,16711935,8355711,13816530
n76=16777215,0,8323072,37632,255,127,10223772,32764,65535,64512,9671424,16776960,16515072,16711935,8355711,13816530
n77=16777215,0,8323072,37632,255,127,10223772,32764,65535,64512,9671424,16776960,16515072,16711935,8355711,13816530
n78=16777215,0,8323072,37632,255,127,10223772,32764,65535,64512,9671424,16776960,16515072,16711935,8355711,13816530
n79=16777215,0,8323072,37632,255,127,10223772,32764,65535,64512,9671424,16776960,16515072,16711935,8355711,13816530
n80=16777215,0,11010048,3299627,240,4737160,8388720,26832,1632504,57344,94740,16776960,16515072,16711935,8355711,13816530
n81=16777215,0,11010048,3299627,240,4737160,8388720,26832,1632504,57344,94740,16776960,16515072,16711935,8355711,13816530
n82=16777215,0,11010048,3299627,240,4737160,8388720,26832,1632504,57344,94740,16776960,16515072,16711935,8355711,13816530
n83=16777215,0,8323072,37632,255,127,10223772,32764,65535,64512,9671424,16776960,16515072,16711935,8355711,13816530
n84=16777215,0,8323072,37632,255,127,10223772,32764,65535,64512,9671424,16776960,16515072,16711935,8355711,13816530
n85=16777215,0,8323072,37632,255,127,10223772,32764,65535,64512,9671424,16776960,16515072,16711935,8355711,12632256
n86=16777215,0,8323072,37632,255,127,10223772,32764,65535,64512,9671424,16776960,16515072,16711935,8355711,13816530
n87=16777215,0,8323072,37632,255,127,10223772,32764,65535,64512,9671424,16776960,16515072,16711935,8355711,13816530
n88=16777215,0,8323072,37632,255,127,10223772,32764,65535,64512,9671424,16776960,16515072,16711935,8355711,12632256
n89=16777215,0,12615680,37632,255,127,10223772,32764,65535,64512,9671424,16776960,16744448,16711935,8355711,13816530
n90=16777215,0,12615680,37632,255,127,10223772,32764,65535,64512,9671424,16776960,16744448,16711935,8355711,13816530
n91=16777215,0,12615680,37632,255,127,10223772,32764,65535,64512,9671424,16776960,16744448,16711935,8355711,12632256
n92=16777215,0,12615680,37632,255,127,10223772,32764,65535,64512,9671424,16776960,16744448,16711935,8355711,13816530
n93=16777215,0,12615680,37632,255,127,10223772,32764,65535,64512,9671424,16776960,16744448,16711935,8355711,13816530
n94=16777215,0,12615680,37632,255,127,10223772,32764,65535,64512,9671424,16776960,16744448,16711935,8355711,12632256
n95=16777215,0,12615680,37632,255,127,10223772,32764,65535,64512,9671424,16776960,16744448,16711935,8355711,13816530
n96=16777215,0,12615680,37632,255,127,10223772,32764,65535,64512,9671424,16776960,16744448,16711935,8355711,13816530
n97=16777215,0,12615680,37632,255,127,10223772,32764,65535,64512,9671424,16776960,16744448,16711935,8355711,12632256
n98=16777215,0,12615680,37632,255,127,10223772,32764,65535,64512,9671424,16776960,16744448,16711935,8355711,13816530
n99=16777215,0,12615680,37632,255,127,10223772,32764,65535,64512,9671424,16776960,16744448,16711935,8355711,13816530
n100=16777215,0,12615680,37632,255,127,10223772,32764,65535,64512,9671424,16776960,16744448,16711935,8355711,12632256
n101=16777215,0,12615680,37632,255,127,10223772,32764,65535,64512,9671424,16776960,16744448,16711935,8355711,13816530
n102=16777215,0,12615680,37632,255,127,10223772,32764,65535,64512,9671424,16776960,16744448,16711935,8355711,13816530
n103=16777215,0,12615680,37632,255,127,10223772,32764,65535,64512,9671424,16776960,16744448,16711935,8355711,12632256
n104=16777215,0,12615680,37632,255,127,10223772,32764,65535,64512,9671424,16776960,16744448,16711935,8355711,13816530
n105=16777215,0,12615680,37632,255,127,10223772,32764,65535,64512,9671424,16776960,16744448,16711935,8355711,13816530
n106=16777215,0,12615680,37632,255,127,10223772,32764,65535,64512,9671424,16776960,16744448,16711935,8355711,12632256
n107=16777215,0,16777215,16777215,16777215,16777215,16777215,16777215,16777215,16777215,16777215,16777215,16777215,16777215,16777215,16777215
n108=16777215,0,12615680,37632,255,127,10223772,32764,65535,64512,9671424,16776960,16744448,16711935,8355711,13816530
n109=16777215,0,12615680,37632,255,127,10223772,32764,65535,64512,9671424,16776960,16744448,16711935,8355711,13816530
n110=12615680,0,12615680,12615680,12615680,12615680,12615680,12615680,12615680,12615680,12615680,12615680,12615680,12615680,12615680,12615680
n111=16777215,0,12615680,37632,255,127,10223772,32764,65535,64512,9671424,16776960,16744448,16711935,8355711,13816530
n112=16777215,0,12615680,37632,255,127,10223772,32764,65535,64512,9671424,16776960,16744448,16711935,8355711,13816530
n113=16777215,0,12615680,37632,8421631,127,10223772,32764,8454143,8454016,9671424,16776960,16744448,16744703,8355711,13816530
n114=16777215,0,12615680,37632,8421631,127,10223772,32764,8454143,8454016,9671424,16776960,16744448,16744703,8355711,12632256
n115=13816530,0,13816530,13816530,13816530,13816530,13816530,13816530,13816530,13816530,13816530,13816530,13816530,13816530,13816530,13816530
n116=16777215,0,12615680,37632,255,127,10223772,32764,65535,64512,9671424,16776960,16744448,16711935,8355711,13816530
n117=16777215,0,12615680,37632,255,127,10223772,32764,65535,64512,9671424,16776960,16744448,16711935,8355711,13816530
n118=16777215,0,12615680,37632,255,127,10223772,32764,65535,64512,9671424,16776960,16744448,16711935,8355711,12632256
n119=16777215,0,12615680,37632,255,127,10223772,32764,65535,64512,9671424,16776960,16744448,16711935,8355711,12632256
n120=12632256,0,12632256,12632256,12632256,12632256,12632256,12632256,12632256,12632256,12632256,12632256,12632256,12632256,12632256,12632256
n121=37632,0,37632,37632,37632,37632,37632,37632,37632,37632,37632,37632,37632,37632,37632,37632
n122=16777215,0,12615680,37632,255,127,10223772,32764,65535,64512,9671424,16776960,16744448,16711935,8355711,13816530
n123=16777215,0,12615680,37632,255,127,10223772,32764,65535,64512,9671424,16776960,16744448,16711935,8355711,13816530
n124=16777215,0,12615680,37632,255,127,10223772,32764,65535,64512,9671424,16776960,16744448,16711935,8355711,13816530
n125=65280,0,65280,65280,65280,65280,65280,65280,65280,65280,65280,65280,65280,65280,65280,65280
n126=16777215,0,12615680,37632,255,127,10223772,32764,65535,64512,9671424,16776960,16744448,16711935,8355711,13816530
n127=16777215,0,12615680,37632,255,127,10223772,32764,65535,64512,9671424,16776960,16744448,16711935,8355711,13816530
n128=16777215,0,12615680,37632,255,127,10223772,32764,65535,64512,9671424,16776960,16744448,16711935,8355711,13816530
n129=2263842,0,2263842,2263842,2263842,2263842,2263842,2263842,2263842,2263842,2263842,2263842,2263842,2263842,2263842,2263842
n130=16777215,0,12615680,2263842,255,127,10223772,32764,65535,64512,9671424,16776960,16744448,16711935,8355711,13816530
n131=16777215,0,12615680,2263842,255,127,10223772,32764,65535,64512,9671424,16776960,16744448,16711935,8355711,13816530
n132=33023,0,33023,33023,33023,33023,33023,33023,33023,33023,33023,33023,33023,33023,33023,33023
n133=16777215,0,12615680,37632,255,127,10223772,32764,65535,64512,9671424,16776960,16744448,16711935,8355711,13816530
n134=16777215,0,12615680,37632,255,127,10223772,32764,65535,64512,9671424,16776960,16744448,16711935,8355711,13816530
n135=16777215,0,0,0,0,0,0,0,0,0,0,0,0,0,0,0
n136=16777215,0,8323072,37632,255,127,10223772,32764,65535,64512,9671424,16776960,16515072,16711935,8355711,13816530
n137=16777215,0,8323072,37632,255,127,10223772,32764,65535,64512,9671424,16776960,16515072,16711935,8355711,13816530
n138=16777215,0,8323072,37632,255,127,10223772,32764,65535,64512,9671424,16776960,16515072,16711935,8355711,13816530
n139=16777215,0,12615680,37632,255,127,10223772,32764,65535,64512,9671424,16776960,16744448,16711935,8355711,13816530
n140=16777215,0,12615680,37632,255,127,10223772,32764,65535,64512,9671424,16776960,16744448,16711935,8355711,13816530
n141=16777215,0,12615680,37632,255,127,10223772,32764,65535,64512,9671424,16776960,16744448,16711935,8355711,12632256
n142=16777215,0,12615680,37632,255,127,10223772,32764,65535,64512,9671424,16776960,16744448,16711935,8355711,12632256
n143=16777215,0,12615680,37632,8421631,127,10223772,32764,65535,64512,9671424,16776960,16744448,16711935,8355711,12632256
n144=15923448,2238503,15718758,3072678,7481081,12767183,2070525,26832,1632504,57344,94740,16776960,16744448,16711935,8355711,13816530
n145=15923448,2238503,15718758,3072678,7481081,12767183,2070525,26832,1632504,57344,94740,16776960,16744448,16711935,8355711,13816530
n146=15923448,0,15718758,3072678,7481081,12767183,2070525,26832,1632504,57344,94740,16776960,16744448,16711935,8355711,13816530
n147=15923448,0,15718758,3072678,7481081,12767183,2070525,26832,1632504,57344,94740,16776960,16744448,16711935,8355711,13816530
n148=15923448,1711645,15718758,3072678,7481081,12767183,2070525,26832,1632504,57344,94740,16776960,16744448,16711935,8355711,13816530
n149=15923448,1514266,15718758,3072678,7481081,12767183,2070525,26832,1632504,57344,94740,16776960,16744448,16711935,8355711,13816530
n150=15923448,1514266,15718758,3072678,7481081,12767183,2070525,26832,1632504,57344,94740,16776960,16744448,16711935,8355711,13816530
n151=15923448,1711645,15718758,3072678,7481081,12767183,2070525,26832,1632504,57344,94740,16776960,16744448,16711935,8355711,13816530
n152=15923448,2238503,15718758,3072678,7481081,12767183,2070525,26832,1632504,57344,94740,16776960,16744448,16711935,8355711,13816530
n153=15923448,0,15718758,3072678,7481081,12767183,2070525,26832,1632504,57344,94740,16776960,16744448,16711935,8355711,13816530
n154=15923448,0,15718758,3072678,7481081,12767183,2070525,26832,1632504,57344,94740,16776960,16744448,16711935,8355711,13816530
n155=15923448,1711645,15718758,3072678,7481081,12767183,2070525,26832,1632504,57344,94740,16776960,16744448,16711935,8355711,13816530
n156=15923448,1514266,15718758,3072678,7481081,12767183,2070525,26832,1632504,57344,94740,16776960,16744448,16711935,8355711,13816530
n157=15923448,1514266,15718758,3072678,7481081,12767183,2070525,26832,1632504,57344,94740,16776960,16744448,16711935,8355711,13816530
n158=15923448,1711645,15718758,3072678,7481081,12767183,2070525,26832,1632504,57344,94740,16776960,16744448,16711935,8355711,13816530
n159=15923448,2238503,15718758,3072678,7481081,12767183,2070525,26832,1632504,57344,94740,16776960,16744448,16711935,8355711,13816530
n160=15923448,2238503,15718758,3072678,7481081,12767183,2070525,26832,1632504,57344,94740,16776960,16744448,16711935,8355711,13816530
n161=15923448,0,15718758,3072678,7481081,12767183,2070525,26832,1632504,57344,94740,16776960,16744448,16711935,8355711,13816530
n162=15923448,0,15718758,3072678,7481081,12767183,2070525,26832,1632504,57344,94740,16776960,16744448,16711935,8355711,13816530
n163=15923448,1711645,15718758,3072678,7481081,12767183,2070525,26832,1632504,57344,94740,16776960,16744448,16711935,8355711,13816530
n164=15923448,1514266,15718758,3072678,7481081,12767183,2070525,26832,1632504,57344,94740,16776960,16744448,16711935,8355711,13816530
n165=15923448,1514266,15718758,3072678,7481081,12767183,2070525,26832,1632504,57344,94740,16776960,16744448,16711935,8355711,13816530
n166=15923448,1711645,15718758,3072678,7481081,12767183,2070525,26832,1632504,57344,94740,16776960,16744448,16711935,8355711,13816530
n167=15923448,2238503,15718758,3072678,7481081,12767183,2070525,26832,1632504,57344,94740,16776960,16744448,16711935,8355711,13816530
n168=15923448,0,15718758,3072678,7481081,12767183,2070525,26832,1632504,57344,94740,16776960,16744448,16711935,8355711,13816530
n169=15923448,0,15718758,3072678,7481081,12767183,2070525,26832,1632504,57344,94740,16776960,16744448,16711935,8355711,12632256
n170=15923448,0,15718758,3072678,7481081,12767183,2070525,26832,1632504,57344,94740,16776960,16744448,16711935,8355711,13816530
n171=15923448,0,15718758,3072678,7481081,12767183,2070525,26832,1632504,57344,94740,16776960,16744448,16711935,8355711,12632256
n172=15923448,1711645,15718758,3072678,7481081,12767183,2070525,26832,1632504,57344,94740,16776960,16744448,16711935,8355711,13816530
n173=15923448,1514266,15718758,3072678,7481081,12767183,2070525,26832,1632504,57344,94740,16776960,16744448,16711935,8355711,13816530
n174=15923448,1514266,15718758,3072678,7481081,12767183,2070525,26832,1632504,57344,94740,16776960,16744448,16711935,8355711,13816530
n175=15923448,1711645,15718758,3072678,7481081,12767183,2070525,26832,1632504,57344,94740,16776960,16744448,16711935,8355711,13816530
n176=15923448,2238503,15718758,3072678,7481081,12767183,2070525,26832,1632504,57344,94740,16776960,16744448,16711935,8355711,13816530
n177=15923448,2238503,15718758,3072678,7481081,12767183,2070525,26832,1632504,57344,94740,16776960,16744448,16711935,8355711,13816530
n178=14211288,2629141,12615680,37632,255,4223389,10223772,4232417,65535,64512,9671424,16776960,16744448,16711935,9672591,11846062
n179=14211288,0,12615680,37632,255,4223389,10223772,4232417,65535,64512,9671424,16776960,16744448,16711935,9672591,11846062
n180=14211288,0,12615680,37632,255,4223389,10223772,4232417,65535,64512,9671424,16776960,16744448,16711935,9672591,11846062
n181=14211288,2102797,12615680,37632,255,4223389,10223772,4232417,65535,64512,9671424,16776960,16744448,16711935,9672591,11846062
n182=14211288,1642246,12615680,37632,255,4223389,10223772,4232417,65535,64512,9671424,16776960,16744448,16711935,9672591,11846062
n183=14211288,1642246,12615680,37632,255,4223389,10223772,4232417,65535,64512,9671424,16776960,16744448,16711935,9672591,11846062
n184=14211288,2102797,12615680,37632,255,4223389,10223772,4232417,65535,64512,9671424,16776960,16744448,16711935,9672591,11846062
n185=14211288,2629141,12615680,37632,255,4223389,10223772,4232417,65535,64512,9671424,16776960,16744448,16711935,9672591,11846062
n186=12303291,1052688,10026887,16756261,4572415,3289855,4572415,6619010,3289855,4256192,16756261,9750272,7748863,16756261,4572415,9803157
n187=12303291,4210752,10026887,16756261,4572415,3289855,4572415,6619010,3289855,4256192,16756261,9750272,7748863,16756261,4572415,9803157
n188=12303291,4210752,10026887,16756261,4572415,3289855,4572415,6619010,3289855,4256192,16756261,9750272,7748863,16756261,4572415,9803157
n189=12303291,0,10026887,16756261,4572415,3289855,4572415,6619010,3289855,4256192,16756261,9750272,7748863,16756261,4572415,9803157
n190=12303291,0,10026887,16756261,4572415,3289855,4572415,6619010,3289855,4256192,16756261,9750272,7748863,16756261,4572415,9803157
n191=12303291,1052688,10026887,16756261,4572415,3289855,4572415,6619010,3289855,4256192,16756261,9750272,7748863,16756261,4572415,9803157
n192=15658734,0,12140,1508038,255,10964547,6579262,33023,65535,4227072,9474048,9920537,16711680,16711935,6579300,8553090
n193=15658734,0,12140,1508038,255,10964547,6579262,33023,51400,4227072,9474048,9920537,16711680,16711935,6579300,8553090
n194=15658734,0,12140,1508038,255,10964547,6579262,33023,51400,4227072,9474048,9920537,16711680,16711935,6579300,8553090
n195=15658734,0,12140,1508038,255,10964547,6579262,33023,65535,4227072,9474048,9920537,16711680,16711935,6579300,8553090
n196=16777215,3618615,12087408,16744448,255,32764,65535,43008,9671424,16776960,16515072,16711935,8355711,16711808,8355711,13816530
n197=16777215,3618615,12087408,16744448,255,32764,65535,43008,9671424,16776960,16515072,16711935,8355711,16711808,8355711,13816530
n198=4339207,3549952,7695960,8616805,9868419,10592659,14018798,14939901,35253,1461195,3093212,8533715,12874092,13798182,10002730,39301
n199=4339207,0,7695960,8616805,9868419,10592659,14018798,14939901,35253,1461195,3093212,8533715,12874092,13798182,10002730,39301
n200=4339207,0,7695960,8616805,9868419,10592659,14018798,14939901,35253,1461195,3093212,8533715,12874092,13798182,10002730,39301
n201=4339207,1972224,7695960,8616805,9868419,10592659,14018798,14939901,35253,1461195,3093212,8533715,12874092,13798182,10002730,39301
n202=4339207,1972224,7695960,8616805,9868419,10592659,14018798,14939901,35253,1461195,3093212,8533715,12874092,13798182,10002730,39301
n203=4339207,3549952,7695960,8616805,9868419,10592659,14018798,14939901,35253,1461195,3093212,8533715,12874092,13798182,10002730,39301
n204=15395562,3947580,15246675,4774912,3093751,3394288,13988301,22764,4941506,1429027,11524683,15173652,14279428,16734975,9608092,6779250
n205=15395562,3947580,15246675,4774912,3093751,3394288,13988301,22764,4941506,1429027,11524683,15173652,14279428,16734975,9608092,6779250
n206=15395562,0,15246675,4774912,3093751,3394288,13988301,22764,4941506,1429027,11524683,15173652,14279428,16734975,9608092,6779250
n207=15395562,0,15246675,4774912,3093751,3394288,13988301,22764,4941506,1429027,11524683,15173652,14279428,16734975,9608092,6779250
n208=15395562,2236962,15246675,4774912,3093751,3394288,13988301,22764,4941506,1429027,11524683,15173652,14279428,16734975,9608092,6779250
n209=15395562,1579032,15246675,4774912,3093751,3394288,13988301,22764,4941506,1429027,11524683,15173652,14279428,16734975,9608092,6779250
n210=15395562,1579032,15246675,4774912,3093751,3394288,13988301,22764,4941506,1429027,11524683,15173652,14279428,16734975,9608092,6779250
n211=15395562,2236962,15246675,4774912,3093751,3394288,13988301,22764,4941506,1429027,11524683,15173652,14279428,16734975,9608092,6779250
n212=15395562,3947580,15246675,4774912,3093751,3394288,13988301,22764,4941506,1429027,11524683,15173652,14279428,16734975,9608092,6779250
n213=15395562,0,15246675,4774912,3093751,3394288,13988301,22764,4941506,1429027,11524683,15173652,14279428,16734975,9608092,6779250
n214=15395562,0,15246675,4774912,3093751,3394288,13988301,22764,4941506,1429027,11524683,15173652,14279428,16734975,9608092,6779250
n215=15395562,2236962,15246675,4774912,3093751,3394288,13988301,22764,4941506,1429027,11524683,15173652,14279428,16734975,9608092,6779250
n216=15395562,1579032,15246675,4774912,3093751,3394288,13988301,22764,4941506,1429027,11524683,15173652,14279428,16734975,9608092,6779250
n217=15395562,1579032,15246675,4774912,3093751,3394288,13988301,22764,4941506,1429027,11524683,15173652,14279428,16734975,9608092,6779250
n218=15395562,2236962,15246675,4774912,3093751,3394288,13988301,22764,4941506,1429027,11524683,15173652,14279428,16734975,9608092,6779250
n219=15395562,3947580,15246675,4774912,3093751,3394288,13988301,22764,4941506,1429027,11524683,15173652,14279428,16734975,9608092,6779250
n220=16777215,0,14109482,1337629,2302893,1657473,12592769,3379967,3403519,8045953,12312297,13684777,16756637,15977983,5723991,10526880
n221=16777215,0,14109482,1337629,2302893,1657473,12592769,3379967,3403519,8045953,12312297,13684777,16756637,15977983,5723991,10526880
n222=16777215,0,14109482,1337629,2302893,1657473,12592769,3379967,3403519,8045953,12312297,13684777,16756637,15977983,5723991,11842740
n223=16777215,0,14109482,1337629,2302893,1657473,12592769,3379967,3403519,8045953,12312297,13684777,16756637,15977983,5723991,11842740
n224=16777215,0,14109482,1337629,2302893,1657473,12592769,3379967,3403519,8045953,12312297,13684777,16756637,15977983,5723991,10526880
n225=16777215,0,14109482,1337629,2302893,1657473,12592769,3379967,3403519,8045953,12312297,13684777,16756637,15977983,5723991,10526880
n226=16777215,0,14109482,1337629,2302893,1657473,12592769,3379967,3403519,8045953,12312297,13684777,16756637,15977983,5723991,10526880
n227=16777215,0,14109482,1337629,2302893,1657473,12592769,3379967,3403519,8045953,12312297,13684777,16756637,15977983,5723991,10526880
n228=13027014,3815994,2627742,9621166,3705494,13594205,5848214,7962945,12500670,6710886,7430607,7993285,9893887,12486209,12492495,12500593
n229=13027014,3815994,2627742,9621166,3705494,13594205,5848214,7962945,12500670,6710886,7430607,7993285,9893887,12486209,12492495,12500593
n230=13027014,0,2627742,9621166,3705494,13594205,5848214,7962945,12500670,6710886,7430607,7993285,9893887,12486209,12492495,12500593
n231=16777215,0,2627742,9621166,3705494,13594205,5848214,7962945,12500670,6710886,7430607,7993285,9893887,12486209,12492495,12500593
n232=13816530,0,2627742,9621166,3705494,13594205,5848214,7962945,12500670,6710886,7430607,7993285,9893887,12486209,12492495,12500593
n233=16777215,0,2627742,9621166,3705494,13594205,5848214,7962945,12500670,6710886,7430607,7993285,9893887,12486209,12492495,12500593
n234=13816530,0,2627742,9621166,3705494,13594205,5848214,7962945,12500670,6710886,7430607,7993285,9893887,12486209,12492495,12500593
n235=13027014,0,2627742,9621166,3705494,13594205,5848214,7962945,12500670,6710886,7430607,7993285,9893887,12486209,12492495,12500593
n236=13027014,2631720,2627742,9621166,3705494,13594205,5848214,7962945,12500670,6710886,7430607,7993285,9893887,12486209,12492495,12500593
n237=13027014,1579032,2627742,9621166,3705494,13594205,5848214,7962945,12500670,6710886,7430607,7993285,9893887,12486209,12492495,12500593
n238=13027014,1579032,2627742,9621166,3705494,13594205,5848214,7962945,12500670,6710886,7430607,7993285,9893887,12486209,12492495,12500593
n239=13027014,2631720,2627742,9621166,3705494,13594205,5848214,7962945,12500670,6710886,7430607,7993285,9893887,12486209,12492495,12500593
n240=13027014,3815994,2627742,9621166,3705494,13594205,5848214,7962945,12500670,6710886,7430607,7993285,9893887,12486209,12492495,12500593
n241=13027014,0,2627742,9621166,3705494,13594205,5848214,7962945,12500670,6710886,7430607,7993285,9893887,12486209,12492495,12500593
n242=13027014,0,2627742,9621166,3705494,13594205,5848214,7962945,12500670,6710886,7430607,7993285,9893887,12486209,12492495,12500593
n243=13027014,2631720,2627742,9621166,3705494,13594205,5848214,7962945,12500670,6710886,7430607,7993285,9893887,12486209,12492495,12500593
n244=13027014,1579032,2627742,9621166,3705494,13594205,5848214,7962945,12500670,6710886,7430607,7993285,9893887,12486209,12492495,12500593
n245=13027014,1579032,2627742,9621166,3705494,13594205,5848214,7962945,12500670,6710886,7430607,7993285,9893887,12486209,12492495,12500593
n246=13027014,2631720,2627742,9621166,3705494,13594205,5848214,7962945,12500670,6710886,7430607,7993285,9893887,12486209,12492495,12500593
n247=13027014,3815994,2627742,9621166,3705494,13594205,5848214,7962945,12500670,6710886,7430607,7993285,9893887,12486209,12492495,12500593
